0020000000000000000000000000000000000000
0010000000000000000000000000000000000000
0011111111111111110000000000000000000000
0000000000000000010000000000000000000000
0000000000000000010000000000000000000000
0000000000000000010000000000000000000000
0000000000000000010000000000000000000000
0000000000000000010000000000000000000000
0000000000000000010000000000000000000000
0000000000000000010000000000000000000000
0000000000000000010000000000000000000000
0000000000000000010000000000000000000000
0000000000000000010000000000000000000000
0000000000000000011111111110000000000000
0000000000000000000000000010000000000000
0000000000000000000000000010000000000000
0000000000000000000000000010000000000000
0000000000000000000000000010000000000000
0000000000000000000000000010000000000000
0000000000000000000000000010000000000000
0000000000000000000000000010000000000000
0000000000000000000000000010000000000000
0000000000000000000000000010000000000000
0000000000000000000000000010000000000000
0000000000000000000000000010000000000000
0000000000000000000000000010000000000000
0000000000000000000000000010000000000000
0000000000000000000000000010000000000000
0000000000000000000000000000000000000000
